-0.451243,-0.208434,-0.931437,0.641811,-0.179981,-0.477017,-0.100264,-0.63585,-0.27238,0.62842,-0.681425,-0.29505,-0.772444,-0.602223,-0.445073,0.528481,-0.738324,-1.24244,0.614609,-1.65007,-0.0715953,0.597924,-2.17931,-0.68297
-0.488028,-0.476634,-0.16154,-0.366202,-1.05723,-0.124479,0.146527,-0.665481,-1.39075,0.50645,-0.777848,-1.06685,0.613613,-0.274632,-1.13347,-0.274828,-0.712198,-0.227703,-0.200716,-0.433612,-0.0449917,-0.172786,-1.01195,-0.86113
-0.409649,-1.86358,-0.289222,-0.00721558,-2.15908,-1.00311,0.314568,-2.14037,-1.28207,-0.667662,-0.231085,-0.807055,0.09581,-0.607896,-0.740567,0.114777,-1.70883,-1.0559,-0.308063,-1.40007,-0.515981,0.606641,-1.34818,-0.93546
-0.195298,-1.42389,-0.464261,-0.391908,-1.7883,-0.967435,-0.581971,-1.4487,-1.41402,0.643605,-0.518636,-0.499582,-0.374198,-0.742037,-0.166399,-0.785,-0.0357556,-0.209918,-0.23763,0,-0.470406,-0.733947,-1.68611,-0.904806
-0.305895,-2.02801,-1.16009,0.166763,-1.87093,-1.22035,0.15319,-0.0217822,-1.28592,0.529991,-2.19611,-0.773544,0.136612,-0.255476,-0.767757,-0.292192,-1.52158,-1.01199,0.146753,-1.01409,-1.32689,0.174927,-0.262504,-0.722022
0.101164,-2.01058,-0.373087,-0.622725,-1.46785,-0.0741323,-0.7557,-1.98271,-1.37133,0.715182,-1.55813,-1.34392,0.781314,-1.98796,-0.393981,-0.723257,-1.8031,-0.644843,0.118018,-2.32592,-1.01185,-0.471495,-0.976307,-0.0603469
0.719955,-2.34574,-1.18466,-0.115393,-0.409959,-0.779193,-0.182194,-1.15612,-0.166947,0.294161,-0.510013,-1.31415,-0.284427,-1.61319,-0.416891,0.292743,-0.465124,-0.53483,-0.112362,-0.749126,-0.887999,-0.413592,-0.167323,-0.959921
0.070263,-1.38752,-1.14351,0.68314,0,-0.839877,-0.771286,-0.512857,-0.804783,-0.347388,-0.536736,-0.685553,-0.303186,-1.65627,-0.305055,-0.613281,-0.738963,-0.143872,0.371696,-0.733879,-1.35778,-0.371679,-2.32394,-0.628217
0.785,-1.65738,-1.30342,-0.346196,-2.01937,-0.599371,0.259103,-1.27892,-0.103478,0.468,-1.62995,-0.311734,-0.731424,-1.07085,-0.479312,0.684315,-0.0123137,-1.07433,0.348275,-1.79443,-1.50434,-0.515882,-2.15372,-0.0650595
-0.590862,-1.1427,-1.3661,0.421738,-0.428642,-0.860707,0.681688,-2.32212,-1.31207,0.785,-0.766735,-0.408146,0.523393,-2.00349,-1.41492,0.49844,-1.96102,-0.0610516,0.136516,-0.624241,-1.42552,0.231873,-1.40597,-0.26775
-0.197844,-1.99419,-0.0285796,-0.552219,-0.732372,-1.24734,0.226974,-0.94034,-0.001587,-0.263594,-0.18564,-0.188439,0.535392,-1.22943,-1.51219,-0.66051,-0.166748,-0.4416,0.0667955,-0.96615,-1.48301,0.753815,-0.889006,-0.301803
-0.0584276,-0.597416,-0.373795,-0.488897,-0.802214,-1.32946,0.618802,-0.778664,-0.467515,-0.0463866,-0.435581,-0.399057,0.77379,-0.0624897,-1.46312,-0.0758395,-0.751072,-1.16717,0.331098,-2.25425,-1.57,-0.193499,-2.24176,-0.578155
0.090479,-1.35377,-0.144554,-0.773189,-1.71896,-0.816232,0.557313,-1.5977,-0.773686,0.404497,-0.589192,-0.602187,-0.189302,-1.94163,-1.18526,-0.182382,-1.69179,-1.35098,-0.0318795,-1.36958,-1.17502,0.398438,-0.674427,-0.540105
0.512953,-1.62717,-1.15558,0.108027,-1.58477,-0.628002,0.00426862,-1.05287,-1.37354,-0.410285,-1.31877,-0.553084,-0.098335,-1.24078,-1.49694,0.150666,-1.90907,-1.28449,0.276767,-0.233974,-1.5568,0.0861236,-2.18188,-0.575309
0.3313,-1.00075,-1.4053,0.648964,-2.24851,-0.415599,-0.353247,-2.13172,-0.839179,0.624218,-0.343231,-1.33799,0.100533,-0.995834,-0.278975,-0.346071,-0.130593,-1.53576,-0.586417,-1.49832,-0.181327,0.349039,-1.9608,-1.03274
0.444043,0,-1.02903,0.547114,-1.579,-0.313418,-0.0950856,-1.87403,-0.428465,-0.373691,-0.467788,-0.212742,0.678832,-0.862074,-0.907259,-0.398236,-1.87217,-0.822508,-0.667743,-2.356,-1.01666,-0.326335,-0.142709,-0.174144
-0.0909546,-1.03284,-0.998545,-0.131192,-1.77187,-1.09912,0.397074,-0.340732,-0.302672,0.657061,-0.982859,-0.797123,-0.757829,-0.907527,-0.774694,0.133563,-2.14174,-1.42912,-0.358012,-0.528048,-0.335537,0.171703,-1.31951,-1.3503
-0.708193,-2.07385,-0.139202,-0.767653,-2.03842,-0.0230874,-0.273906,-0.33048,-0.326615,-0.51822,-1.28531,-0.838946,-0.20411,-2.01843,-1.30624,-0.0138787,-2.08982,-1.10931,-0.563271,-1.22151,-1.18123,0.134496,-1.20575,-0.587391
-0.549532,-0.111001,-0.867074,-0.481986,-0.814984,-0.428566,-0.630966,-0.774796,-0.80085,0.402527,-1.82767,-0.622797,-0.25985,-0.0366308,-0.744461,-0.506014,-1.71038,-1.23795,-0.657753,-1.20651,-0.392849,0.597184,-1.77967,-0.150211
-0.668852,-1.27247,-0.693063,-0.783501,-1.02006,-0.0127335,0.660741,-2.18579,-1.37293,0.342595,-0.976061,-0.461484,0.316547,-0.338741,-0.862196,0.140518,-0.224092,-1.32943,0.512833,-0.726054,-1.2771,-0.47745,-1.06897,-0.49681
0.753288,-1.9058,-0.0667589,0.68474,-1.82165,-1.25577,0.578445,-2.21991,-0.753488,-0.0182465,-1.95035,-0.425423,-0.339304,-2.3255,-0.853015,-0.30277,-2.20909,-0.76631,-0.730575,-2.03179,-0.375274,-0.0628405,-1.44777,-0.483631
-0.553001,-0.172548,0,-0.785,-1.76516,-0.781245,-0.0651152,-1.22715,-1.10785,0.534352,-0.0663396,-0.814956,-0.394148,-0.791872,-0.804846,-0.495022,-1.97862,-1.55087,0.752364,-0.551462,-0.836108,0.285185,-2.07038,-0.979352
0.144589,-0.250934,-0.846544,0.106962,-0.215557,-1.35303,0.460988,-0.240222,-0.822591,-0.552103,-0.40306,-1.05984,-0.53034,-1.47234,-0.744095,-0.449755,-0.529503,-0.11434,-0.0027528,-1.88189,-0.212492,-0.579724,-0.701086,-0.2398
0.778823,-1.74547,-1.4666,0.390384,-0.583367,-1.00138,-0.354264,-0.289771,-0.80201,0.567407,-1.46651,-0.109882,0.693485,-0.757012,-0.217745,-0.0567244,-1.42858,-1.03319,-0.775288,-1.85461,-0.68009,-0.47031,-0.0859662,-0.546131
0.0544321,-0.328868,-0.227715,-0.036681,-0.592763,-1.55703,-0.29179,-1.27193,-0.459217,-0.145458,-0.36105,-1.04536,-0.372731,-0.742495,-0.391341,0.245482,-1.74535,-1.1104,0.0991828,-1.06834,-1.07627,-0.00489732,-0.838675,-0.325833
0.0192561,-1.70179,-0.592422,0.519152,-1.91669,-0.0324211,-0.683504,-0.225646,-0.833594,0.527919,-0.636883,-0.638893,0.708044,-2.34351,-0.968174,0.780808,-0.767207,-0.739297,-0.635198,-1.60895,-1.30876,-0.490869,-0.290965,-0.945604
-0.195785,-0.551647,-0.860994,0.0887358,-0.176963,-1.3907,0.580713,-0.059396,-1.46217,-0.219917,-1.66109,-1.42589,0.204409,-1.383,-1.13685,0.640429,-2.34592,-0.98552,0.26242,-1.39132,-1.53426,-0.437222,-0.175317,-1.22998
0.431294,-0.13457,-0.239073,-0.518425,-1.01462,-1.49027,-0.618408,-0.43065,-0.548188,-0.321721,-1.95494,-1.09753,-0.0139956,-1.13712,-1.22256,0.0143163,-1.13488,-1.0892,0.0545287,-1.56571,-0.362276,0.222179,-2.08542,-0.608086
0.56882,-1.09172,-0.0520855,0.215279,-0.206242,-0.000540182,-0.358347,-2.28058,-0.0137203,-0.534761,-0.831532,-0.659759,-0.785,-0.748063,-1.57,-0.018712,-0.0130828,-0.723646,0.593082,-1.33067,-1.28327,-0.149462,-1.02989,-0.432469
0.173119,-1.81339,-0.768191,0.19028,-1.5486,-0.755408,0.517491,-1.97332,-0.884825,0.50537,-0.450073,-1.0386,-0.354699,-1.85121,-0.499393,-0.678816,-2.14518,-1.48656,-0.676794,-1.1445,-1.32134,0.756948,-1.83331,-0.851299
-0.76312,-1.9124,-1.11148,0.581401,-2.04847,-1.14176,-0.430383,-1.93191,-1.25598,0.303669,-1.95,-0.371757,0.168317,-0.865061,-1.19285,0.412307,-1.31094,-0.887361,-0.701775,-2.0961,-0.0899682,0.540841,-0.960926,-1.35596
-0.278891,-1.0009,-1.04975,0.452195,-0.973808,-0.0352314,0.589158,-1.75473,-0.905157,-0.0432787,-1.74517,-1.17821,0.725512,-1.56447,-0.284562,0.22692,-1.08328,-1.16629,-0.51011,-1.65012,-1.11687,-0.100422,-0.746402,-1.20875
0.476121,-2.22481,-0.693636,0.715249,-0.547943,-0.500327,0.49619,-0.294505,-0.910141,-0.609128,-1.82155,-0.779378,-0.45414,-0.172354,-0.975682,-0.419515,-0.0332154,-0.875348,0.305142,-1.03048,-0.85307,0.208792,-0.437158,-0.982079
0.553283,-0.949225,-1.37114,0.220705,-0.265025,-1.01223,-0.0558075,-0.382693,-0.507096,0.433242,-0.378744,-1.37371,0.442133,-0.379925,-0.54842,-0.497906,-0.187265,-1.31249,-0.627406,-0.500786,-1.52366,-0.473682,-1.39016,-0.656116
-0.155624,-1.20892,-0.915187,-0.313845,-1.55247,-0.156041,0.116987,-0.468001,-0.66528,-0.708102,-1.41545,-1.05034,0.254118,-0.883372,-0.111052,-0.737115,-0.814862,-0.884711,-0.103393,-0.139859,-1.20073,0.334428,-0.729491,-0.0264463
-0.154719,-1.55223,-0.641049,-0.698803,-1.28286,-0.223835,0.177613,-1.1411,-1.01717,0.418752,-2.00592,-0.977302,-0.391399,-1.92919,-1.23925,-0.0928656,-0.460926,-1.05624,0.0253385,-2.22729,-0.220844,0.322694,-1.83053,-0.473809
0.19392,-1.66697,-0.308119,-0.0781496,-2.08045,-0.525269,0.243137,-1.74994,-0.778158,-0.255291,-1.5831,-1.53835,-0.386676,-0.112353,-0.368337,0.155612,-0.469994,-0.719673,-0.0329829,-1.2786,-0.81417,-0.133744,-0.612149,-1.15114
-0.135772,-0.515027,-0.133361,-0.204825,-2.32929,-0.445237,0.527473,-0.592703,-0.49096,0.345547,-1.93184,-1.00038,-0.724396,-1.30768,-0.237137,-0.179103,-0.947513,-1.08454,0.767609,-0.85022,-1.17865,-0.321677,-0.00609415,-1.26799
-0.471507,-0.895314,-1.53393,0.780819,-1.87791,-0.105072,0.529526,-0.979701,-1.40737,-0.313218,-0.714647,-0.888338,0.0847715,-0.679159,-0.136485,0.639775,-0.404985,-0.154354,-0.345938,-0.307107,-0.566979,0.388984,-1.47682,-1.48839
-0.162817,-0.190807,-0.911387,0.526728,-0.733411,-1.12948,-0.560968,-1.88697,-0.972687,0.713603,-1.6417,-0.318554,-0.264985,-0.176735,-0.857007,0.237542,-0.50989,-1.33377,0.446119,-0.674268,-0.581417,-0.306419,-1.62913,-0.517813
-0.371436,-0.706674,-1.54542,0.0263453,-0.167546,-0.918857,0.00898031,-1.90272,-1.45998,0.741833,-0.569665,-1.27464,-0.208601,-0.691138,-0.395263,-0.171959,-1.15232,-1.04317,0.116673,-1.63934,-1.28426,-0.490034,0,-0.365745
-0.550919,-0.570582,-1.18887,0.738797,-2.23617,-1.01498,0.0859696,-1.98227,-0.695966,-0.130136,-0.0987137,-0.780862,-0.292997,-2.05956,-0.17868,-0.102669,-1.32095,-0.843195,-0.273628,-0.680348,-0.906137,0.0746917,-0.731414,-1.25733
-0.0876621,-0.131038,-1.43183,-0.481,-0.925377,-1.24008,0.0923378,-0.332258,-0.206855,-0.710927,-0.488048,-0.820999,-0.420429,-2.155,-0.688774,-0.0246222,-1.94439,-1.36874,0.286039,-1.21357,-0.589168,0.612639,-0.400684,-0.954425
-0.350178,-1.32986,-1.14628,-0.128712,-1.17733,-0.368801,0.00850593,-0.0840022,-0.849697,-0.64036,-1.7334,-0.264113,-0.596658,-0.721215,-0.51361,-0.511568,-2.356,-0.574492,0.196079,-2.1578,-1.44499,0.762249,-1.95952,-1.01672
0.242139,-1.48865,-0.420277,0.63037,-1.28176,-0.754393,0.580757,-1.61777,-0.452197,0.487807,-1.56527,-1.02809,0.780708,-2.33916,-1.04758,0.35458,-1.27463,-0.594698,-0.619507,-0.279886,-0.202346,-0.745919,-2.12619,-0.931122
0.284922,-0.880938,-0.0291064,0.640646,-2.25621,-1.0793,0.332376,-1.24506,-0.107542,0.675885,-0.0952879,-0.740262,-0.0450003,-1.24962,-1.10758,-0.140412,-1.13287,-0.989421,-0.520797,-0.585578,-0.428257,-0.504423,-0.266601,-1.25938
-0.595378,-0.380362,-0.969408,0.592908,-0.820739,-1.18071,0.36924,-1.87932,-0.155073,0.443358,-0.0869362,-1.00582,0.2812,-1.44469,-1.34571,-0.445223,-2.11859,-0.057873,0.307484,-2.22443,-0.0516882,0.102285,-1.70474,-1.4799
-0.766686,-0.139738,-0.28208,-0.425224,-0.174476,-0.0467756,-0.333684,-1.63233,-1.40615,0.383862,-0.860755,-1.03226,-0.410209,-2.01522,-0.290183,-0.579483,-0.248101,-0.425405,-0.775286,-0.725402,-1.00962,0.494029,-1.86903,-1.11758
0.140345,-0.560076,-0.986393,-0.49788,-1.20225,-1.13898,0.725794,-0.346175,-0.990995,0.288743,-1.26238,-0.667714,0.608572,-1.01478,-1.05949,-0.374768,-1.79326,-0.444852,-0.475671,-0.105576,-1.13309,-0.369791,-1.00795,-0.118743
-0.0933003,-1.83738,-0.475214,0.642788,-1.02118,-0.346933,0.625998,-1.66646,-1.04403,-0.66367,-0.086495,-0.325288,0.42883,-0.194227,-0.422028,0.364826,-0.77153,-0.283059,0.159541,-0.765571,-0.296475,-0.538556,-1.79443,-0.670819
-0.60217,-0.00310085,-1.32961,-0.505242,-1.48629,-1.18087,0.307102,-0.556341,-0.814666,0.653188,-1.54305,-0.628458,0.763623,-1.55693,-1.25192,0.342894,-0.76434,-0.00253499,0.504421,-0.885072,-0.95042,-0.593271,-0.727759,-1.26311
-0.117164,-2.25375,-0.473793,-0.268259,-1.83392,-0.538512,-0.383101,-0.66976,-1.21604,-0.386769,-0.711364,-0.231711,-0.400687,-2.18962,-1.20762,0.0692112,-1.7991,-0.065086,0.716053,-0.680793,-1.31071,0.757723,-2.09687,-0.766945
0.724803,-2.04685,-0.785262,0.704575,-1.89094,-0.490259,-0.350426,-1.98554,-0.983103,0.109355,-1.91024,-1.55931,-0.15071,-1.58088,-0.712809,0.464936,-1.18873,-0.189229,0.772577,-0.170409,-0.112116,0.603075,-1.71075,-0.927341
-0.764596,-1.13186,-0.133181,-0.467603,-0.072564,-0.191014,-0.0774739,-0.760885,-1.13421,0.461556,-1.30498,-1.25258,0.204091,-1.55847,-1.02867,0.34425,-0.620366,-0.84378,-0.0953484,-2.03486,-0.261039,0.0601058,-0.615496,-1.17744
0.355939,-1.96141,-1.41657,0.330129,-0.210241,-1.36076,0.0774713,-1.72463,-1.48605,-0.712935,-1.09276,-1.17482,0.543992,-1.85355,-0.263766,0.23205,-1.81496,0,-0.158832,-0.189917,-0.88932,0.555498,-0.19061,-0.814652
-0.0829673,-1.27018,-0.797373,0.20973,-1.48355,-0.638841,0.275055,-0.669185,-1.37197,0.241893,-1.76595,-1.38464,-0.741476,-1.38283,-0.0229242,0.296068,-2.31829,-0.493708,0.733181,-0.48439,-1.03905,0.699017,-1.48213,-0.00733282
-0.222725,-1.80923,-0.48001,0.422252,-0.103056,-0.384473,-0.506582,-2.21928,-1.47016,0.43307,-1.03869,-0.151473,-0.580825,-0.22462,-0.822116,-0.482452,-0.943454,-0.1545,-0.197865,-0.923804,-0.116547,-0.222265,-1.32989,-1.37802
0.536196,-1.4414,-0.551655,-0.395691,-0.126086,-1.01269,-0.285706,-1.5555,-0.658913,-0.107834,-1.38412,-0.165972,-0.68716,-1.36732,-1.54087,-0.351104,-0.276342,-0.0257486,-0.500587,-2.15949,-0.275544,-0.280695,-2.32547,-1.40749
-0.165834,-2.23692,-1.25165,-0.602021,-2.16059,-0.0909501,-0.382458,-0.0888618,-0.307814,-0.547509,-2.01337,-1.17369,0.199816,-1.64767,-0.664893,0.54075,-0.0335841,-0.740491,-0.434094,-2.32729,-0.366109,-0.605289,-1.62946,-0.923675
-0.0980673,-2.31427,-1.0241,0.437603,-1.89587,-1.39557,0.06536,0,-1.53952,-0.295856,-1.86094,-1.43774,-0.565969,-0.334914,-0.655851,-0.334166,-0.359528,-0.215874,-0.208308,-0.245493,-0.283538,-0.427859,-0.0392812,-1.35793
-0.114325,-1.57271,-0.727971,-0.779718,-0.629573,-1.29736,-0.370174,-1.95756,-0.517488,-0.0353488,-2.01081,-0.0625697,-0.634612,-1.84733,-1.16843,-0.381336,-0.0257058,-1.55013,-0.474974,-0.336327,-1.3391,0.289021,-1.87563,-1.06493
-0.04645,-2.05598,-0.658243,-0.668125,-2.03152,-1.56744,-0.191655,-1.60058,-0.582507,0.0183021,-0.599988,-1.29384,-0.152888,-0.202555,-0.308213,-0.479285,-1.1149,-1.48949,-0.573176,-1.71098,-1.12924,0.733009,-1.03293,-0.868197
0.785,-0.283138,-0.994342,0.753745,-2.33565,-1.48764,0.104143,-0.75796,-0.0605825,-0.377854,-0.095762,-1.52243,0.456515,-0.92534,-1.51371,-0.785,-1.85606,-0.10258,0.583124,-1.24751,-0.679197,-0.740339,-1.65238,-1.48079
0.0863632,-1.99219,-0.000686663,-0.0126119,-0.639945,-0.94393,0.768951,-2.01781,-0.0067188,-0.725801,-1.92795,-0.699007,0.195177,-0.704311,-0.0830515,-0.428705,-1.57219,-0.116113,-0.587567,-0.180383,-0.351554,0.034111,-0.740363,-0.273585
-0.45713,-1.54633,-0.901132,0.478575,-2.04061,-1.3328,0.754903,-1.34659,-1.48291,-0.103686,-1.22932,-0.905415,0.469874,-0.215035,-0.344438,-0.0800325,-2.22035,-1.09746,-0.361204,-0.556959,-0.195002,0.0689339,-2.06519,-1.43968
-0.680694,-0.259356,-0.441787,0.592379,-0.793259,-1.47144,-0.120994,-0.712846,-0.294556,-0.739247,-1.26648,-1.24585,0.688618,-0.643157,-0.241472,0.115272,-1.13684,-1.55485,0.695614,-0.606738,-0.691981,0.161222,-1.54785,-1.42531
-0.616213,-0.530195,-0.831377,-0.279318,-0.38341,-0.745319,-0.148075,-1.05825,-1.45468,0.552005,-1.41394,-0.322337,0.521613,-0.583501,-0.0955,0.388017,-2.16384,-0.480689,-0.092085,-1.18942,-0.228521,0.0273029,-1.60882,-0.00425818
-0.387504,-2.03468,-0.574274,-0.125197,-0.915019,-1.03454,0.554251,-2.08767,-0.878004,-0.503671,-0.731023,-1.4011,-0.257845,-1.37488,-0.238179,0.346816,-0.723051,-1.33748,0.714214,-1.07546,-1.34511,-0.00792627,-0.171596,-0.528667
-0.215225,-0.648249,-1.13032,-0.290232,-1.54538,-0.981404,-0.190938,-2.19245,-0.9961,0.630256,-2.16802,-0.865903,0.264422,-1.79831,-1.03161,-0.784242,0,-1.22067,-0.774851,-0.191461,-0.0735468,0.110367,-1.628,-1.16926
-0.694117,-0.275544,-0.139307,-0.657559,-0.266041,-1.18732,-0.284071,-0.645518,-0.442688,0.329636,-1.71266,-0.0469222,0.367789,-0.859935,-1.53697,-0.122062,-2.04383,-0.0181619,0.505837,-2.19622,-1.51891,0.76234,-1.96372,-0.918703
0.0225455,-0.571398,-0.144945,-0.730397,-1.81488,-0.0255787,0.312233,-1.73377,-1.02466,0.421467,-0.793183,-0.202632,-0.645459,-1.51866,-0.961314,0.636061,-1.19562,-1.21543,-0.161013,-0.611604,-0.377734,-0.294707,-0.981382,-1.00284
0.286253,-1.75518,-1.24427,-0.636921,-0.926483,-0.421961,-0.0773587,-2.32372,-1.2737,-0.278762,-2.2769,-1.18088,0.633058,-1.60276,-0.914023,0.674551,-0.150078,-0.819902,-0.509333,-2.31039,-0.715014,0.730275,-1.04254,-0.180041
-0.659416,-1.66056,-1.34628,0.647947,-1.77998,-0.18507,-0.0276701,-0.690924,-0.99798,0.16787,-1.32551,-1.33668,0.428471,-1.47365,-0.874902,0.140003,-2.07626,-0.156115,0.604308,-0.472246,-1.02285,-0.377843,-1.56406,-0.311771
-0.56661,-2.28224,-0.877585,0.495783,-1.10916,-0.23028,-0.709091,-0.584861,-0.832975,-0.507,-2.29539,-0.44442,0.0142726,-0.582761,-0.781296,-0.519498,-1.4679,-0.594548,0.609569,-2.18395,-1.10798,-0.228676,-0.338466,-1.49934
-0.407521,-0.26583,-1.56167,0.098705,-1.23899,-0.624465,0.498161,-0.763014,-1.53499,-0.223243,-0.922341,-0.683964,-0.404415,-2.02475,-1.06622,0.438987,-1.2184,-0.752559,0.304289,-1.70444,-0.244805,0.549883,-1.14656,-0.484378
0.603858,-0.798202,-0.345777,-0.449439,-0.269191,-0.755419,0.0930975,-1.24138,-0.917679,0.398653,-1.15767,-0.857831,-0.148643,-0.911199,-1.24559,0.707791,-2.07385,-0.957246,-0.292985,-0.792107,-0.231789,-0.0776485,-1.81576,-0.857564
0.646528,-2.04392,-1.26819,0.443973,-2.21038,-0.954236,0.562214,-0.623434,-1.21681,-0.413356,-1.07467,-0.288811,0.440815,-1.6207,-0.812455,-0.194546,-1.60019,-0.268907,0.408582,-1.77208,-1.18703,0.312991,-1.85227,-0.848134
0.0341179,-1.50625,-1.23544,0.762486,-0.639673,-0.716373,0.638919,-0.400378,-1.18506,0.0909577,-0.051146,-0.322654,0.47665,-2.17394,-0.443554,-0.189856,-0.446425,-0.318359,-0.223099,-0.34506,-1.21519,0.343108,-0.405889,-1.06855
-0.683292,-0.660886,-0.879408,0.47765,-1.2313,-0.726491,0.252724,-1.62323,-0.338862,0.104645,-1.14021,0,-0.713348,-0.609671,-0.79361,-0.439397,-1.36822,-0.281379,0.341667,-1.17932,-0.0566516,-0.0683124,-1.10695,-0.368993
0.102454,-1.82439,-1.12546,0.547335,-0.137847,-0.664531,-0.677394,-1.03959,-0.674116,0.165147,-0.937997,-0.165181,-0.46769,-1.90562,-0.831181,0.579512,-0.457169,-1.47179,-0.483872,-1.23353,-0.460441,0.277304,-1.3812,-1.24086
-0.364877,-1.51351,-0.700049,-0.406557,-1.97516,-0.55465,-0.331311,-1.70454,-0.805779,0.127209,-0.158049,-0.921776,-0.277167,-0.54312,-0.48842,-0.0749368,-1.97509,-0.154825,-0.651164,-0.264866,-0.21086,-0.17799,-1.18406,-0.955738
-0.341438,-0.146873,-0.174042,-0.139579,-1.62764,-0.847897,0.0738407,-0.365498,-0.285242,0.721808,-0.324176,-1.15108,0.290686,-1.5082,-1.43392,-0.714171,-1.47379,-0.957371,0.508247,-0.271836,-1.19099,-0.129762,-1.38163,-1.31803
0.185585,-2.06607,-0.839206,0.41521,-0.896907,-1.49033,0.52767,-0.681238,-0.488503,-0.659443,-1.47477,-0.577584,0.771531,-2.19828,-0.56662,-0.515342,-0.682409,-1.12152,0.75524,-1.95776,-0.826586,0.201896,-0.338858,-1.43857
0.208524,-0.133248,-1.49962,-0.48073,-0.0990819,-0.609239,-0.410402,-0.213367,-0.568348,0.785,-2.09581,-0.622978,0.473212,-1.48712,-0.643591,0.385953,-0.140044,-0.96726,0.52286,-0.279938,-0.964366,-0.0962254,-0.724944,-0.0869614
-0.22576,-0.876981,-0.0663084,0.420808,-1.84663,-1.2663,-0.785,-2.30468,-0.735527,0.274964,-2.12204,-1.50387,0.740362,-2.33401,-1.06539,-0.420705,-0.961674,-0.386475,0.313304,-2.24654,-0.720301,-0.635728,-0.411032,-1.31155
-0.111514,-1.46215,-0.758751,0.332745,-2.01814,-0.875138,-0.443116,-2.25279,-0.523467,0.521789,-1.34141,-0.687612,-0.335143,-1.44319,-1.26084,0.72653,-0.1885,-0.93877,-0.601127,-1.10568,-0.877334,0.626318,-2.20413,-0.716756
-0.609292,-0.437802,-0.722976,0.685324,-1.37216,-1.56563,-0.689812,-0.408825,-1.21115,0.137176,-0.214819,-0.86419,-0.612102,-1.37702,-1.2329,0.515819,-0.0257209,-0.391636,0.407256,-1.63729,-0.0594369,0.711565,-0.0630178,-0.708973
-0.696289,-0.686222,-0.777229,0.229286,-1.35622,-0.843562,0.0358422,-0.164813,-0.321594,-0.524515,-0.818211,-0.731349,-0.197073,-0.522844,-0.621459,-0.785,-2.04776,-1.57,-0.593496,-2.356,-0.585992,0.547134,-0.0482221,-1.07103
-0.550391,-2.16778,-0.596376,0.543967,-1.91919,-0.581886,0.212431,-1.72707,-1.15645,0.188861,-0.876424,-0.51744,-0.505893,-0.00211405,-0.698079,-0.552937,-2.21041,-0.909406,-0.755174,-1.97445,-0.229513,0.145951,-0.764165,-1.00187
-0.417921,-1.86643,-1.15384,0.774308,-0.418252,-0.782847,-0.59751,-1.50135,-1.03429,-0.274682,-1.40003,-1.46587,0.0558763,-0.914482,-0.505392,0.371289,-2.35072,-0.162807,-0.739688,-1.53445,-1.01458,0.161355,-0.767059,-0.680186
0.0363516,-1.31084,-0.60374,0.742632,-0.124358,-0.780402,-0.0954742,-1.12388,-1.36025,0.039782,-0.883059,-0.534581,-0.474188,-1.98178,-0.16934,-0.536231,-0.227338,-0.610117,-0.0567839,-1.73476,-0.411181,0.313992,-1.79065,-0.445398
-0.392481,-0.376364,-1.33845,0.528727,-1.26427,-0.293275,0.546814,-0.547394,-0.47124,-0.762847,-2.24188,-0.0763953,-0.569439,-1.6147,-0.726684,0.780063,-2.2409,-0.844302,-0.731767,0,-1.53044,0.284565,-1.00617,-0.693957
-0.509655,-1.94837,-0.0393177,-0.455837,-1.87643,-0.805396,-0.0834592,-0.50841,-0.588659,0.161159,-0.252936,-0.474937,-0.785,-2.0381,-1.09607,-0.624258,-0.708563,-0.240775,-0.0163118,-0.238772,-1.13556,-0.251247,-0.617261,-1.28229
-0.280213,-0.296724,-0.811909,-0.542131,-2.35436,-1.16228,0.42215,-0.688998,-0.464764,0.260218,-0.107554,-0.263906,0.0590575,-1.20244,-1.47914,0.693272,-1.0689,-0.783409,-0.623625,-0.213052,-0.121982,0.553598,-0.872454,-1.35697
0.00337613,-1.63969,-1.29875,0.691441,-0.561647,-0.463757,0.575512,-1.87827,-1.24958,0.532291,-1.32217,-0.489176,-0.552159,-0.804819,-1.29643,0.580597,0,-0.458198,-0.350442,-1.7826,-0.19696,-0.00893146,-2.26196,-1.49963
-0.460604,-0.552045,0,0.332604,-0.299221,-0.198873,-0.0638565,-1.06674,-1.39599,-0.491036,-0.422679,-1.27138,0.680605,-2.18834,-1.18418,0.274813,-1.08253,-0.0600505,-0.462896,-1.77798,-0.30366,-0.775943,-0.540831,-0.275364
-0.185688,-2.03485,-0.139153,-0.764682,-0.717023,-0.0662808,0.387911,-2.2847,-0.796257,-0.502596,-1.36335,-0.383761,-0.749504,-2.28939,-1.27401,-0.5395,-2.11599,-1.53825,-0.563612,-1.03732,0,0.456808,-2.1673,-1.36063
0.109671,-1.87651,-0.677451,-0.0105177,-0.641326,-0.669646,0.614203,-0.835651,-0.540057,-0.721551,-0.806062,-0.812785,0.52871,-1.02535,-1.48154,0.785,-1.79193,-0.0482738,0.406447,-0.846171,-0.608357,0.312259,-0.619882,-0.519406
0.373314,-0.37832,-1.2593,-0.0539463,-0.349527,-0.0622698,-0.501994,-1.87541,-0.797683,-0.557814,-1.23902,-1.39863,-0.0569888,-1.44195,-0.962001,0.218275,-1.50355,-1.34531,-0.458423,-0.97042,-0.385787,-0.292088,-0.859992,-0.0627738
0.595629,-2.08743,-0.600837,0.421504,-1.57536,-0.520899,0.299863,-1.97207,-0.559325,-0.125538,-1.72901,-0.629777,0.34609,-1.55219,-0.104252,0.417001,-2.23298,-1.16044,0.266431,-1.54249,-1.56065,-0.512816,-1.53127,-1.30978
