-0.157427,-1.25957,-0.931437,0.506678,-0.818852,-0.27577,-0.100264,-0.20419,-0.27238,-0.645884,-0.126816,-0.0172819,-0.772444,-1.7373,-0.0364852,0.661024,-2.00443,-1.24244,0.513356,-1.36817,-1.54244,0.597924,-0.506122,-0.711396
-0.385145,-0.476634,-0.826638,-0.366202,-0.910572,-0.860484,0.146527,-2.10443,-1.3326,0.622518,-1.61302,-1.06685,0.613613,-1.28117,-0.242259,-0.274828,-0.712198,-0.79027,0.575573,-0.433612,-0.0449917,-0.176319,-0.522251,-0.86113
-0.502435,-1.21085,-0.289222,-0.543364,-2.15908,-0.175688,0.130698,-2.14037,-1.28207,-0.667662,-0.0823526,-0.0403201,0.09581,-0.971024,-0.632793,-0.752191,-1.15744,-0.771839,-0.427918,-1.40007,-1.01949,0.606641,-1.48292,-0.93546
0.635678,-0.633067,-0.0869169,0.297748,-1.7883,-0.749562,-0.635705,-1.4487,-1.41402,0.643605,-0.733266,-0.334073,-0.374198,-0.742037,-0.505085,-0.662256,-0.0357556,-1.4035,-0.23763,-0.0225192,-1.10382,-0.531327,-1.87411,-1.07465
0.323123,-0.248321,-1.38739,-0.27465,-0.24198,-1.20509,0.15319,-1.34488,-1.28592,0.731009,-2.19611,-0.446891,-0.0908127,-1.69746,-0.189073,-0.292192,-1.52158,-1.01199,0.146753,-1.80803,-1.32689,0.174927,-0.262504,-0.317963
0.101164,-0.917067,-0.600492,-0.622725,-0.194044,-0.0741323,-0.7557,-0.613617,-1.37133,0.573092,-0.347794,-0.122508,-0.482989,-1.98796,-0.393981,-0.723257,-0.0832794,-0.644843,0.118018,-2.21857,-0.147766,-0.543311,-1.57887,-0.0878896
0.719955,-2.34574,-0.981038,0.292435,-2.12297,-0.917916,0.779808,-1.01059,-1.34011,0.497854,-2.07123,-0.931679,-0.284427,-1.61319,-0.416891,0.292743,-1.47788,-0.53483,-0.112362,-0.749126,-0.866211,-0.413592,-0.162805,-0.569947
0.070263,-1.38752,-0.529104,0.68314,-1.16519,-1.56447,-0.771286,-1.29498,-1.01975,0.663679,-0.202495,-0.841929,-0.38654,-0.889636,-0.326067,-0.651369,-0.99944,-0.685294,0.775936,-0.670311,-1.35778,-0.613736,-2.08747,-0.37877
0.735513,-1.12313,-0.597718,0.159958,-2.12585,-0.474822,0.557545,-1.27892,-0.63565,0.210634,-1.5816,-1.18176,-0.731424,-0.357012,-0.311556,0.407734,-1.80663,-1.07433,0.367069,-1.24219,-1.20723,-0.515882,-1.89961,-1.42194
-0.644924,-0.618609,-1.05628,-0.18715,-0.0438738,-1.50269,-0.747123,-2.32212,-1.42427,-0.780712,-2.20846,-0.408146,0.523393,-2.23954,-0.860805,0.49844,-1.89698,-0.0610516,-0.0543514,-1.31338,-1.48149,-0.0746762,-1.40597,-0.0632557
-0.197844,-1.99419,-0.0285796,-0.552219,-0.732372,-1.5071,0.226974,-0.812545,-1.22869,-0.263594,-0.18564,-0.188439,-0.326484,-1.92388,-0.568501,-0.66051,-1.02245,-0.4416,0.0667955,-0.93582,-1.48301,0.753815,-2.16143,-0.27491
0.659591,-0.597416,-0.373795,-0.488897,-0.802214,-1.32946,-0.0561843,-0.778664,-0.467515,-0.0463866,-0.435581,-0.960468,-0.208152,-1.09735,-0.677974,-0.399431,-0.547336,-1.11114,0.382408,-0.0109416,-0.831454,-0.193499,-2.24176,-1.34404
0.445646,-1.35377,-1.43102,-0.667832,-0.954575,-0.939057,0.623158,-1.57806,-0.371632,0.404497,-1.85944,-0.525768,-0.265946,-0.964292,-1.45983,0.351291,-1.82694,-1.00078,0.126387,-2.01216,-1.30134,-0.357435,-0.674427,-0.746228
-0.23063,-2.07122,-1.15558,0.108027,-1.63966,-1.0538,0.00426862,-2.13294,-1.37354,-0.437388,-1.31877,-1.12905,0.551204,-1.24078,-1.49694,0.693704,-1.90907,-0.506264,0.276767,-1.90393,-1.5568,0.167115,-2.25799,-1.50967
0.34554,-1.00075,-1.25738,-0.435787,-2.01567,-0.40819,-0.353247,-0.725177,-0.839179,-0.753292,-0.409483,-1.33799,-0.692364,-0.995834,-1.52052,-0.346071,-0.130593,-0.830182,-0.586417,-1.49832,-1.09881,-0.175633,-1.9608,-1.50316
-0.318754,-2.0275,-1.09705,0.547114,-0.954619,-0.361028,0.770416,-1.87403,-0.231972,-0.373691,-2.15589,-0.212742,-0.495317,-0.553613,-0.907259,-0.398236,-1.87217,-0.822508,-0.667743,-2.13248,-0.53949,0.0530916,-0.142709,-0.174144
0.536842,-1.03284,-0.998545,-0.284613,-0.0045979,-1.09912,0.406347,-0.340732,-0.302672,0.657061,-0.982859,-1.45273,-0.757829,-0.997801,-0.774694,0.133563,-2.21069,-1.42912,-0.358012,-0.407337,-0.552001,0.171703,-0.14983,-1.22943
-0.717709,-1.8005,-0.139202,-0.767653,-1.80709,-0.0230874,-0.652207,-1.27486,-0.326615,0.42906,-2.0195,-0.838946,-0.20411,-1.47615,-1.40542,0.566214,-2.02362,-1.10931,-0.409049,-1.27752,-1.52802,-0.39346,-1.20575,-1.48101
-0.549532,-0.111001,-0.867074,0.610853,-1.65321,-0.428566,0.405343,-0.714162,-0.862013,-0.70937,-1.82767,-0.609307,0.439704,-0.0366308,-0.744461,0.45855,-1.71038,-0.32842,-0.657753,-2.21186,-0.392849,-0.607029,-1.90889,-0.109432
0.266044,-0.282469,-1.27573,-0.464191,-1.02006,-1.43297,-0.748492,-2.19567,-0.548048,0.342595,-0.2618,-0.461484,0.316547,-0.338741,-0.65044,-0.653868,-0.224092,-1.39561,-0.522091,-1.69709,-1.50133,-0.47745,-1.06897,-0.700865
0.272088,-1.63509,-0.496378,-0.326271,-2.29008,-1.25577,-0.329046,-1.5653,-0.284061,-0.042052,-1.95035,-0.232507,-0.339304,-0.146103,-0.853015,0.213844,-1.18152,-0.76631,-0.730575,-2.03179,-0.421628,0.147167,-1.83471,-0.483631
-0.553001,-0.0292438,-0.0370246,-0.742036,-1.76516,-0.589868,-0.232638,-0.0196009,-0.10989,0.534352,-0.0663396,-1.53517,-0.441134,-0.791872,-0.610709,-0.495022,-1.97862,-0.818477,0.0484618,-0.551462,-0.836108,0.107976,-0.860881,-0.600452
0.144589,-0.463845,-1.28675,0.194669,-0.812939,-1.35303,0.123737,-1.51972,-0.332045,-0.552103,-1.75541,-1.05984,0.0143674,-0.645266,-0.904367,-0.449755,-0.529503,-0.11434,-0.0027528,-1.52219,-1.36504,-0.579724,-1.04628,-0.2398
0.107721,-0.78567,-1.15545,0.439672,-2.04147,-1.00138,0.630489,-0.289771,-0.80201,0.567407,-1.46651,-0.734379,-0.503214,-0.919181,-0.217745,-0.077338,-1.30912,-0.525288,-0.775288,-1.85461,-0.68009,-0.190072,-0.315517,-0.546131
0.0544321,-0.328868,-0.213925,0.368673,-0.592763,-1.55703,-0.351296,-0.769487,-1.50726,-0.145458,-2.0073,-0.98447,0.574753,-0.742495,-0.745403,0.245482,-1.86453,-0.666535,0.0991828,-1.06834,-0.672207,-0.00489732,-1.05643,-0.610519
0.0192561,-1.70179,-1.02868,-0.312222,-1.23284,-0.26153,-0.683504,-1.82883,-0.0408835,0.124386,-1.99033,-1.50762,0.586926,-2.34351,-0.968174,0.780808,-0.772596,-0.739297,-0.635198,-1.59826,-0.161295,-0.466486,-0.134812,-0.945604
0.321389,-1.23143,-0.872895,0.0887358,-0.806699,-0.907082,0.580713,-0.059396,-1.46217,-0.219917,-1.64917,-1.29332,0.119637,-1.383,-1.3762,0.640429,-1.72263,-0.580494,0.26242,-1.39132,-0.496329,-0.437248,-0.175317,-1.22998
0.431294,-0.570708,-0.43771,-0.555124,-1.01462,-1.49027,-0.618408,-1.96514,-0.548188,-0.251824,-1.88963,-1.09753,-0.0139956,-1.13712,-0.288756,0.293214,-2.10455,-0.549572,0.453443,-0.409072,-0.362276,0.222179,-2.08542,-0.608086
0.391538,-0.33964,-0.0520855,0.782727,-0.206242,-0.000540182,-0.742269,-2.28058,-0.0137203,0.566961,-0.118588,-1.4676,0.0879913,-0.107242,-1.48953,-0.172775,-0.173828,-0.723646,-0.516372,-1.0896,-0.216618,0.77093,-1.90652,-0.432469
0.173119,-1.81339,-0.114946,0.19028,-1.5486,-0.755408,-0.542354,-1.97332,-0.884825,0.50537,-0.450073,-1.16318,-0.0163431,-2.33521,-0.499393,-0.607133,-2.28966,-1.48656,-0.676794,-1.38168,-0.681581,0.756948,-0.86928,-1.31582
-0.76312,-1.9124,-1.11148,0.581401,-1.83953,-0.148266,-0.587875,-2.30228,-0.252139,0.303669,-2.0452,-0.371757,-0.446305,-1.25392,-1.44437,0.058715,-1.31094,-0.887361,-0.735755,-1.14465,-0.0899682,0.540841,-0.960926,-1.18001
-0.383904,-0.888378,-1.04975,0.438743,-0.973808,-0.0352314,0.589158,-1.94107,-0.905157,-0.0432787,-1.22881,-1.17821,0.725512,-0.110023,-0.284562,0.22692,-1.08328,-1.18377,-0.469858,-1.65012,-1.11687,-0.100422,-0.339793,-1.07588
-0.332341,-2.22481,-0.693636,0.376407,-1.48542,-0.210383,0.49619,-0.294505,-0.910141,-0.609128,-1.82155,-0.779378,-0.45414,-0.365136,-1.37106,-0.721062,-1.75309,-1.52261,0.305142,-0.710841,-0.85307,0.208792,-0.437158,-0.982079
-0.416395,-0.949225,-1.08416,0.220705,-0.265025,-1.01223,-0.0983474,-0.0601194,-0.60122,0.30929,-0.936279,-1.37371,0.498478,-1.69004,-0.639356,-0.497906,-0.187265,-1.16891,0.23753,-0.500786,-0.189226,0.148436,-1.42311,-1.12878
-0.155624,-1.95348,-0.915187,-0.22094,-1.55247,-0.156041,0.733979,-1.99085,-0.66528,-0.708102,-0.606725,-1.03172,0.254118,-0.883372,-0.111052,0.58109,-0.0982098,-0.884711,0.658177,-0.460533,-0.978878,0.334428,-0.729491,-1.06534
-0.154719,-2.12472,-1.34951,-0.698803,-0.98662,-1.41344,0.250346,-1.59181,-1.00855,0.418752,-2.00592,-1.03276,-0.296281,-0.928649,-1.23925,-0.0705973,-1.05694,-1.05624,-0.533944,-0.101383,-0.119496,-0.502131,-1.83053,-0.288831
0.435542,-0.515269,-0.308119,-0.386671,-1.92116,-1.06325,0.188501,-1.74994,-0.0789979,-0.255291,-0.547033,-0.0527003,-0.0246323,-0.112353,-0.993857,0.155612,-0.347929,-0.719673,0.44956,-1.2786,-0.520889,-0.298179,-2.07475,-1.17435
-0.537241,-0.515027,-1.54707,-0.160446,-0.28694,-1.44585,0.386167,-0.592703,-1.29108,-0.545479,-1.50154,-1.00038,-0.724396,-1.42658,-1.49193,-0.481025,-0.947513,-1.50777,0.767609,-0.85022,-1.17865,-0.377924,-1.68902,-0.586944
0.352405,-0.704391,-0.656778,0.780819,-0.655754,-0.956615,-0.120696,-0.979701,-0.218201,-0.313218,-0.765959,-0.888338,0.0621982,-0.679159,-1.40344,0.639775,-2.03306,-1.08152,-0.345938,-0.251599,-0.566979,0.388984,-1.47682,-0.551386
-0.162817,-0.190807,-0.578285,-0.170043,-0.611534,-1.12948,-0.560968,-1.88697,-0.133529,0.0948273,-2.1068,-0.318554,-0.683896,-0.176735,-0.716169,0.237542,-1.75128,-1.33377,0.603552,-0.533543,-0.581417,-0.336991,-1.62913,-0.170386
-0.0581831,-0.706674,-1.54542,-0.147584,-0.167546,-0.918857,0.356618,-1.90272,-1.45998,0.500347,-2.03444,-1.27464,-0.208601,-0.691138,-0.047361,0.287455,-0.519701,-0.226989,-0.684594,-1.56617,-1.28426,0.125597,-2.00662,-1.316
-0.00525257,-0.862535,-1.52758,-0.715929,-2.23617,-1.48786,0.568463,-1.6938,-0.695966,-0.100181,-0.0987137,-0.788068,0.502824,-0.235933,-1.03026,-0.102669,-1.33405,-1.04621,-0.273628,-0.834756,-1.53642,-0.0633195,-1.84019,-0.910018
-0.285771,-0.131038,-1.43183,-0.553704,-1.41854,-1.25812,0.0923378,-0.332258,-0.271831,-0.710927,-0.488048,-0.820999,-0.761311,-2.155,-0.0526215,-0.0246222,-2.05546,-1.13202,0.286039,-1.21357,-0.589168,0.612639,-0.400684,-1.20051
-0.353004,-0.548196,-1.14628,0.0703709,-1.71756,-0.348559,0.659521,-0.0840022,-0.141491,-0.64036,-1.45919,-0.264113,-0.286168,-0.304502,-0.674461,-0.511568,-2.30082,-0.574492,0.196079,-2.1578,-1.56694,0.762249,-1.97462,-1.01672
0.242139,-0.194888,-0.420277,0.604146,-1.28176,-0.754393,0.316672,-1.99625,-0.452197,0.200851,-2.31075,-0.370305,-0.259697,-0.829354,-0.63396,0.339932,-1.27463,-0.336468,-0.619507,-0.279886,-0.291921,-0.745919,-2.04724,-0.520233
0.284922,-0.880938,-0.801715,0.640492,-2.24383,-0.960335,0.332376,-1.33949,-0.107542,-0.43376,-0.169097,-0.742139,0.533074,-1.22619,-0.715672,0.0405687,-1.13287,-1.16361,-0.520797,-0.585578,-0.428257,0.19374,-0.45152,-1.25938
-0.595378,-0.380362,-0.851025,-0.416551,-0.971872,-1.26394,0.36924,-0.0534518,-1.3455,0.730221,-0.0869362,-0.919232,-0.233913,-0.967557,-1.42206,-0.477968,-2.11859,-0.057873,-0.547874,-2.22443,-0.38191,0.102285,-1.70474,-1.07302
-0.766686,-0.139738,-0.28208,0.351718,-0.174476,-0.0467756,0.158729,-1.54622,-1.40615,0.297372,-0.860755,-1.03226,-0.221711,-1.66249,-1.28414,-0.618463,-0.905901,-1.25115,0.731138,-0.831361,-1.00962,0.52478,-1.29856,-1.11758
0.0678405,-0.560076,-1.18227,-0.49788,-1.20225,-0.111867,0.725794,-1.5387,-0.990995,-0.290546,-0.126778,-0.667714,0.608572,-1.01478,-1.05949,-0.442623,-1.70183,-0.444852,-0.334654,-0.0164505,-1.48691,-0.258023,-1.00795,-0.118743
-0.142508,-0.755141,-0.485538,0.637887,-1.02118,-0.995756,0.681968,-0.261886,-1.04403,-0.66367,-2.2282,-0.770806,0.534745,-0.194227,-1.21488,-0.168691,-1.10243,-1.07513,0.159541,-0.17964,-0.124633,-0.538556,-1.72045,-1.08274
-0.60217,-0.00310085,-1.02268,-0.0423579,-1.22941,-1.18087,0.307102,-1.40466,-0.814666,0.653188,-0.336063,-0.667978,0.763623,-1.55693,-0.495417,0.512831,-0.76434,-0.00253499,0.504421,-0.885072,-1.00527,-0.593271,-0.727759,-1.40486
-0.117164,-0.855933,-0.473793,0.329106,-1.16659,-0.538512,0.0354319,-2.14028,-1.01902,-0.434527,-0.711364,-0.369345,-0.463268,-0.465694,-1.20762,0.0692112,-1.42194,-1.51121,0.584288,-0.680793,-1.26002,-0.348702,-0.430504,-0.766945
-0.354828,-2.04685,-0.785262,0.704575,-2.10861,-0.490259,-0.350426,-2.07368,-0.983103,-0.645343,-0.636421,-1.55931,-0.15071,-0.622347,-0.754926,0.338284,-1.26996,-1.17497,0.772577,-0.170409,-0.148699,-0.223027,-1.71075,-0.927341
-0.764596,-0.278292,-0.133181,-0.200731,-0.072564,-0.515999,0.0836332,-1.78274,-1.13421,-0.429364,-1.52995,-0.0227712,0.204091,-1.55847,-1.02867,-0.495186,-0.621142,-0.84378,0.739056,-1.91622,-0.261039,-0.53973,-0.845881,-1.17744
0.355939,-0.447768,-1.41657,0.391862,-0.568284,-1.37465,0.0774713,-1.83779,-1.40891,-0.369727,-1.89496,-1.17482,-0.14278,-1.92725,-0.14935,0.395152,-1.81496,-0.941755,-0.158832,-1.93059,-0.0272977,-0.135769,-0.19061,-0.516084
0.0500177,-1.34826,-1.15702,0.20973,-0.585137,-0.513906,0.489727,-0.487767,-0.36807,0.628012,-1.35147,-0.196421,-0.741476,-1.38283,-0.0229242,0.453413,-1.54482,-0.95346,0.272989,-0.48439,-1.03905,0.699017,-1.48213,-0.124776
-0.222725,-1.78346,-0.48001,0.650718,-0.103056,-1.10853,-0.610542,-0.814025,-0.343169,-0.155088,-1.03869,-0.154034,-0.121412,-0.22462,-0.0687197,-0.691789,-0.943454,-0.1545,-0.197865,-0.923804,-0.116547,-0.303735,-0.862707,-0.898649
0.536196,-1.22289,-0.551655,0.0634216,-0.126086,-0.750376,-0.679035,-1.5555,-0.436879,-0.107834,-1.38412,-1.03062,-0.346602,-1.36732,-1.54087,-0.474083,-1.17118,-0.877966,-0.0487978,-1.62193,-0.735434,-0.280695,-1.76609,-0.796776
-0.0406905,-0.34952,-0.934505,-0.0738097,-1.119,-1.18068,-0.382458,-0.787716,-0.307814,-0.487666,-1.90819,-1.17369,0.199816,-1.64767,-1.48493,0.212094,-0.0335841,-0.844499,-0.434094,-2.32729,-0.366109,-0.605289,-1.62946,-0.923675
0.424402,-1.0852,-0.993857,0.437603,-1.62716,-1.22662,0.06536,-1.86206,-1.53952,0.065055,-0.533194,-1.26994,-0.565969,-0.352416,-0.403341,0.542968,-0.359528,-0.240584,-0.208308,-2.34216,-0.626194,-0.427859,-1.42389,-0.796262
-0.114325,-1.57271,-0.799685,-0.558736,-1.51706,-1.13222,-0.370174,-0.356223,-0.72315,-0.14491,-2.01081,-0.757381,-0.433928,-2.0753,-0.08116,-0.381336,-0.139476,-1.55013,-0.00834462,-0.336327,-1.4914,0.333607,-1.87455,-0.282925
-0.04645,-2.17102,-0.51784,0.771692,-1.77426,-0.740817,-0.644998,-1.62807,-1.27123,0.0183021,-2.29207,-1.29384,-0.152888,-2.16203,-0.308213,-0.479285,-1.55738,-0.846352,-0.746983,-1.71098,-0.00147758,-0.75896,-1.43725,-0.868197
0.316043,-0.283138,-1.22993,0.148291,-2.33565,-1.20194,0.195865,-0.7512,-0.412906,-0.377854,-0.095762,-1.52243,0.148632,-0.92534,-1.51371,-0.269203,-0.600735,-0.472515,0.687534,-1.34192,-0.679197,-0.740339,-1.65238,-1.5271
0.739005,-1.99219,-0.000686663,0.753302,-0.639945,-1.404,0.730338,-2.01781,-0.124043,0.563979,-1.40577,-1.42856,-0.225908,-1.0681,-1.15481,0.607466,-1.57219,-0.757066,-0.396051,-1.88218,-0.152904,-0.247976,-0.613252,-0.273585
0.775956,-2.34857,-0.277544,-0.410885,-1.775,-1.29221,-0.30434,-0.147441,-1.48291,0.42568,-1.17925,-1.07521,0.469874,-1.34298,-0.57052,-0.244204,-2.30828,-1.53829,0.505316,-0.440871,-0.189417,0.0689339,-0.12779,-0.563855
0.227521,-0.259356,-0.441787,0.592379,-1.40724,-1.18871,-0.120994,-1.52661,-1.35318,-0.572736,-1.22795,-1.24585,0.569506,-0.643157,-1.11872,0.115272,-1.13684,-1.55485,0.695685,-0.486117,-0.0267946,0.161222,-1.54785,-1.3803
-0.628931,-1.31073,-0.685785,-0.296488,-0.38341,-0.745319,0.449685,-1.05825,-0.0668756,-0.329048,-1.41394,-1.39236,0.521613,-1.53859,-1.18879,0.656739,-2.16384,-0.795689,-0.092085,-1.47607,-0.228521,0.500496,-1.60882,-1.38607
-0.405237,-2.03468,-0.0427169,-0.125197,-0.94233,-0.783124,0.406433,-0.475579,-1.03867,-0.503671,-0.0285398,-0.317143,-0.257845,-2.09058,-1.028,-0.289597,-0.723051,-0.931874,0.714214,-1.69947,-0.555401,-0.00792627,-0.213814,-1.08071
-0.286466,-1.54664,-1.13032,-0.290232,-1.54538,-0.886786,-0.190938,-0.118859,-0.9961,-0.339935,-0.261356,-0.865903,-0.312246,-0.981358,-1.03161,-0.114743,-0.3698,-0.371106,0.296506,-1.01613,-0.60571,-0.40709,-0.339207,-1.16926
0.126433,-1.23471,-0.573543,0.382632,-0.266041,-0.224834,-0.475511,-0.645518,-1.45552,0.329636,-1.89883,-0.0340542,0.199496,-0.859935,-1.42287,-0.297831,-2.09688,-0.0181619,0.145501,-2.19622,-1.51891,0.779922,-1.21471,-0.9001
0.0225455,-0.696517,-0.675138,0.513391,-1.96104,-1.37641,0.312233,-1.73377,-1.02466,0.421467,-0.793183,-0.202632,-0.646168,-0.728303,-0.961314,0.636061,-1.19562,-1.21543,-0.521686,-0.0145083,-0.486527,-0.294707,-0.981382,-1.00284
0.286253,-1.75518,-1.24427,-0.260244,-0.897776,-1.10841,-0.0773587,-0.152746,-1.37274,-0.174053,-2.26794,-0.822747,0.633058,-1.60276,-0.52179,-0.282095,-1.91725,-0.819902,-0.509333,-2.31039,-1.55143,-0.570647,-0.869253,-0.180041
-0.65792,-0.0796552,-1.52418,0.647947,-1.68931,-0.18507,0.380078,-0.690924,-0.99798,0.16787,-0.47392,-0.621292,0.428471,-2.02525,-0.874902,0.140003,-2.07626,-0.107317,0.604308,-0.113354,-0.263476,-0.377843,-1.39634,-0.684569
0.211845,-2.28224,-0.877585,0.495783,-1.10916,-0.23028,-0.709091,-1.14141,-0.832975,-0.546887,-2.29539,-0.44442,0.479297,-1.70333,-0.486303,-0.739708,-1.45753,-0.594548,0.491178,-0.444,-1.10798,0.127185,-0.756424,-1.49934
0.13473,-0.882727,-0.263478,0.098705,-0.952381,-0.078153,0.435663,-0.737033,-0.983194,0.304287,-0.922341,-0.683964,-0.404415,-2.05737,-1.06622,0.438987,-0.560097,-0.752559,0.304289,-1.70444,-0.244805,0.549883,-1.14656,-0.484378
0.530997,-0.0394921,-0.345777,-0.266741,-0.85987,-0.778826,0.0930975,-1.37859,-0.917679,0.398653,-2.07684,-0.857831,-0.217958,-1.88589,-1.24559,0.757957,-2.07385,-0.857181,0.171647,-2.25226,-0.231789,0.587931,-1.5929,-0.694169
0.228945,-1.631,-1.26969,-0.690219,-2.21038,-0.954236,0.402277,-1.78371,-1.06073,-0.413356,-0.0329509,-0.288811,0.440815,-0.726916,-0.812455,-0.398833,-1.60019,-0.323189,-0.606099,-0.102214,-1.18703,0.312991,-0.182079,-0.672268
-0.150564,-0.490808,-1.23544,-0.757607,-0.639673,-1.04324,0.638919,-0.400378,-1.18506,0.0909577,-0.741569,-0.322654,0.150484,-1.06797,-0.443554,-0.189856,-0.446425,-0.318359,-0.223099,-1.00886,-1.18108,-0.544863,-1.37992,-0.682875
-0.653567,-0.431573,-0.879408,0.028064,-1.72877,-0.502373,0.252724,-1.87997,-0.338862,0.104645,-2.10831,-0.0141883,0.759453,-0.784237,-0.79361,0.355994,-0.0144158,-0.281379,0.564593,-0.630659,-1.42136,-0.74177,-1.80365,-0.0421547
-0.679864,-1.32601,-1.16088,-0.601938,-0.137847,-0.552849,0.243997,-0.843608,-0.621985,0.645738,-1.07776,-0.165181,-0.46769,-1.90562,-0.831181,0.579512,-2.33673,-0.280811,-0.452002,-0.219281,-0.460441,0.277304,-1.3812,-1.54289
-0.703347,-2.29332,-0.700049,-0.2694,-1.09597,-1.51494,0.0254917,-1.6484,-0.805779,0.127209,-0.244425,-0.984831,-0.277167,-0.582442,-0.690811,-0.0749368,-1.97509,-1.19308,-0.651164,-0.904505,-0.21086,-0.17799,-1.7527,-0.629532
-0.215582,-0.464863,-0.174042,-0.734876,-1.62764,-0.847897,0.0738407,-0.365498,-0.544254,0.728479,-1.46314,-0.120641,0.0553347,-0.965021,-0.627371,-0.714171,-1.46465,-1.04999,-0.676553,-1.79625,-0.1067,0.437569,-1.29574,-1.43737
0.185585,-0.896468,-0.167428,0.206515,-2.20856,-1.49033,0.52767,-0.867039,-0.488503,-0.555437,-1.47477,-0.545263,0.771531,-1.72917,-1.56948,0.208818,-0.682409,-1.12152,0.75524,-1.95776,-0.826586,0.108244,-1.6669,-1.51243
0.508982,-0.133248,-0.278955,0.074383,-0.0990819,-0.229775,-0.410402,-0.710537,-0.568348,0.646838,-2.09581,-0.884845,-0.0220834,-1.48897,-0.643591,-0.299067,-0.22834,-0.649634,0.577677,-1.80577,-0.964366,-0.0962254,-1.44287,-0.0869614
-0.292953,-0.759434,-0.185415,0.420808,-2.14265,-1.2663,-0.218574,-2.30468,-0.735527,-0.213032,-2.03378,-1.26625,0.578492,-2.33401,-1.06539,0.376893,-1.28767,-1.17057,-0.434874,-2.26178,-0.720301,-0.635728,-0.344017,-0.600593
-0.111514,-1.46215,-1.054,-0.00935032,-1.10243,-0.817411,-0.443116,-1.51904,-1.45369,0.781135,-1.34141,-0.68596,-0.335143,-1.44319,-0.733715,-0.556406,-0.942882,-0.335136,-0.601127,-2.18999,-0.877334,-0.605025,-2.19441,-1.52247
-0.295802,-0.437802,-0.736059,-0.521021,-1.37216,-1.56563,0.253697,-0.288011,-1.40564,0.229019,-0.249125,-0.128153,-0.612102,-1.37702,-0.898834,0.515819,-0.70078,-0.391636,0.407256,-1.4363,-0.0948205,-0.14615,-1.3748,-1.38364
-0.227928,-0.686222,-0.828001,-0.483155,-1.26738,-0.843562,-0.0893377,-0.117159,-0.413622,-0.0631511,-0.788645,-0.649854,-0.156817,-0.522844,-0.0775145,-0.544798,-0.845885,-1.51321,-0.593496,-0.975578,-0.585992,0.547134,-0.0482221,-1.07103
-0.550391,-0.563522,-0.512988,0.570218,-2.25276,-0.436407,0.212431,-1.72707,-0.667839,0.276888,-0.353144,-0.241816,-0.192809,-0.402065,-1.45673,-0.552937,-2.1479,-1.21771,-0.110862,-1.97445,-0.229513,0.18324,-0.846059,-1.00187
-0.00459726,-1.43189,-1.30814,0.604225,-0.0410421,-0.782847,-0.59751,-0.254613,-0.642555,0.360031,-0.687487,-1.46587,0.0558763,-0.914482,-1.24768,0.155672,-2.35072,-0.162807,-0.505588,-1.53445,-1.01458,0.236067,-0.767059,-0.353799
0.0363516,-1.26299,-1.16354,0.742632,-0.124358,-0.780402,0.185361,-1.12388,-0.527153,0.039782,-0.883059,-1.56568,-0.474188,-2.03241,-1.14382,-0.536231,-1.28103,-0.610117,-0.0567839,-1.8065,-0.914795,0.313992,-0.568725,-1.18381
-0.595401,-0.28652,-0.539978,0.620942,-1.31098,-0.368734,0.551022,-2.0415,-0.678882,-0.762847,-2.24188,-0.0763953,0.451286,-1.6147,-0.362177,0.677542,-0.15809,-1.33322,0.183499,-1.59359,-1.13611,0.284565,-0.937807,-0.693957
-0.497423,-1.16331,-0.0393177,0.0457568,-1.87643,-0.805396,-0.0834592,-0.132821,-0.588659,-0.303054,-1.93357,-0.60062,-0.0260869,-2.13737,-0.490573,-0.7512,-0.153612,-0.361545,-0.405311,-1.54907,-1.13556,-0.251247,-0.617261,-0.501221
-0.496442,-0.13244,-0.834667,-0.542131,-2.14907,-1.56999,0.0698039,-1.17862,-0.464764,0.702777,-1.85643,-0.464427,0.0590575,-1.20244,-1.35783,0.388301,-1.0689,-1.55692,-0.242519,-0.213052,-0.121982,0.749594,-0.872454,-1.35697
-0.227461,-2.23471,-0.568085,0.691441,-0.561647,-0.383423,0.575512,-1.80798,-1.24958,0.532291,-1.32217,-0.540951,0.717629,-0.611282,-1.44163,0.580597,-2.09767,-0.430387,0.676618,-0.113721,-0.238893,-0.00893146,-2.26196,-1.54555
-0.422446,-1.69997,-0.855059,0.249348,-1.25767,-0.198873,-0.0638565,-1.06674,-0.488442,-0.650134,-0.690303,-1.27138,0.587591,-2.18834,-1.03016,-0.784912,-1.08253,-1.3839,-0.293547,-0.143262,-0.30366,-0.738634,-1.28297,-0.275364
-0.185688,-1.83213,-0.139153,-0.625586,-0.717023,-0.0662808,0.387911,-0.364513,-0.572763,0.294574,-1.36335,-0.389161,-0.749504,-2.28939,-1.4255,-0.5395,-2.11599,-0.618589,-0.563612,-1.03732,-0.0828542,0.456808,-1.67867,-1.36063
0.146435,-1.3824,-1.29438,-0.0105177,-0.778088,-0.77039,0.614203,-0.835651,-0.509447,-0.377646,-0.111068,-0.812785,-0.341234,-2.22705,-1.48154,0.464871,-1.85207,-0.0236149,-0.72143,-0.825423,-0.608357,0.312259,-0.65219,-0.519406
0.0706879,-0.37832,-1.2593,-0.0539463,-0.349527,-0.0622698,-0.722269,-0.859852,-0.797683,-0.513509,-1.23902,-0.439204,-0.25256,-1.44195,-0.918289,0.218275,-0.956236,-1.08639,-0.458423,-1.68891,-0.110107,0.784612,-0.596756,-1.39641
0.674864,-2.08743,-0.600837,0.421504,-1.57536,-0.520899,0.299863,-1.97207,-0.559325,0.420574,-2.09054,-0.629777,0.34609,-0.964922,-0.104252,-0.0410061,-1.55828,-1.16044,-0.62107,-1.54249,-1.56065,-0.512816,-1.53127,-1.30978
